50 3
390225 426456 688267 800389 990107 439248 240638 15991 874479 568754 729927 980985 132244 488186 5037 721765 251885 28458 23710 281490 30935 897665 768945 337228 533277 959855 927447 941485 24242 684459 312855 716170 512600 608266 779912 950103 211756 665028 642996 262173 789020 932421 390745 433434 350262 463568 668809 305781 815771 550800



55 34
433515 22221 540709 538312 496949 902471 439983 159332 417327 399306 817804 354682 108825 970689 868286 235070 18732 848955 994152 741000 722232 564879 503093 734475 174795 129065 483929 683440 37645 670198 911023 40334 329513 669160 180034 285512 401190 629798 857703 765572 174164 849299 159367 62467 84449 523962 735995 245666 832139 879827 749840 315756 253168 659252 187178



100 78
692261 48553 549680 661623 274985 142762 235623 43717 568519 285863 64114 529201 429801 426630 261332 744012 165142 60667 585075 437392 172545 145521 426548 860002 44348 403475 129090 678438 471882 357431 597870 980287 400657 991847 787760 686306 959534 816910 315660 554005 215651 970172 29456 607498 833260 259798 45242 391762 247919 288669 437366 207872 894609 80217 17796 502235 821413 167777 876792 408894 310399 665738 802203 416528 178599 973866 195567 136668 629609 143047 412752 849676 150793 570593 307894 820743 639060 318873 609303 146660 591954 949437 634025 136265 350808 81329 819397 14821 429050 453627 457191 194502 421917 258922 282770 978967 603178 701412 481105 313722


90 54
755351 315794 985476 418333 85872 966900 452133 633413 538488 172379 380416 591036 933003 454684 436416 885565 775486 430343 888367 422013 563116 599053 383505 168228 907438 174347 575982 494697 160360 168119 164910 184136 95488 934822 946780 982051 893930 530231 651789 508403 960095 224 62490 491625 234413 979859 122056 275237 287335 926220 495049 423698 906172 296442 52892 686236 937701 733639 749135 69711 295416 440582 802660 560973 721946 824 67346 656299 871121 567995 390754 334634 537976 966480 243514 363917 29323 728519 137335 802715 868130 702729 439155 114547 974331 273026 850662 643335 941232 177897